solver                  2
model_size
-30000 -30000 -30000
30000 30000 30000
num_freq                3
1.0
10.0
100.0
num_rec                 73
200	0	-0.01
225	0	-0.01
250	0	-0.01
275	0	-0.01
300	0	-0.01
325	0	-0.01
350	0	-0.01
375	0	-0.01
400	0	-0.01
425	0	-0.01
450	0	-0.01
475	0	-0.01
500	0	-0.01
525	0	-0.01
550	0	-0.01
575	0	-0.01
600	0	-0.01
625	0	-0.01
650	0	-0.01
675	0	-0.01
700	0	-0.01
725	0	-0.01
750	0	-0.01
775	0	-0.01
800	0	-0.01
825	0	-0.01
850	0	-0.01
875	0	-0.01
900	0	-0.01
925	0	-0.01
950	0	-0.01
975	0	-0.01
1000	0	-0.01
1025	0	-0.01
1050	0	-0.01
1075	0	-0.01
1100	0	-0.01
1125	0	-0.01
1150	0	-0.01
1175	0	-0.01
1200	0	-0.01
1225	0	-0.01
1250	0	-0.01
1275	0	-0.01
1300	0	-0.01
1325	0	-0.01
1350	0	-0.01
1375	0	-0.01
1400	0	-0.01
1425	0	-0.01
1450	0	-0.01
1475	0	-0.01
1500	0	-0.01
1525	0	-0.01
1550	0	-0.01
1575	0	-0.01
1600	0	-0.01
1625	0	-0.01
1650	0	-0.01
1675	0	-0.01
1700	0	-0.01
1725	0	-0.01
1750	0	-0.01
1775	0	-0.01
1800	0	-0.01
1825	0	-0.01
1850	0	-0.01
1875	0	-0.01
1900	0	-0.01
1925	0	-0.01
1950	0	-0.01
1975	0	-0.01
2000	0	-0.01
output_E_file           out/electric_fields
output_H_file           out/magnetic_fields
source_type             6
-50.0 0.0 0.0
50.0 0.0 0.0
current_direction       1
source_moment           1
PEC_present             0
num_PEC                 1
315.0 0.0    0.0
315.0 0.0 -500.0
model_file_name         in/CSEM_input_model.
maxRefSteps             0
maxUnknowns             10000000  
betaRef                 0.85
accuracyTol             0.00003
vtk                     0
errorEst_method         4
refStrategy             1
