 1.00000000E+00   4.62287875E-05   3.27283166E-09  -5.57782223E-07   5.49949476E-11  -1.65462409E-06  -5.09839272E-11
 1.00000000E+00   3.05162543E-05   2.85033600E-09  -3.12063814E-08   5.73993845E-11  -8.23302572E-07  -4.21446952E-11
 1.00000000E+00   2.12994082E-05   2.56964736E-09  -2.09619743E-07   6.09420009E-11  -4.72464638E-07  -3.08035805E-11
 1.00000000E+00   1.56619424E-05   2.33622393E-09   1.20886980E-07   6.78197574E-11  -1.56357664E-07  -2.27465206E-11
 1.00000000E+00   1.20946678E-05   2.16401118E-09  -2.22678717E-08   6.64359969E-11  -1.85754043E-07  -1.22669647E-11
 1.00000000E+00   9.48601163E-06   2.01316013E-09   6.61826671E-09   7.71387763E-11  -5.89933594E-08  -5.35979691E-12
 1.00000000E+00   7.55742177E-06   1.87713913E-09   8.51732351E-09   7.70478383E-11  -1.19454569E-07  -1.15833585E-11
 1.00000000E+00   6.10304773E-06   1.76504130E-09   3.29603828E-08   8.05650847E-11  -9.54510685E-08  -1.34341361E-11
 1.00000000E+00   5.04655771E-06   1.67179619E-09   7.51996688E-08   8.25156066E-11  -3.87361224E-08  -8.05456585E-12
 1.00000000E+00   4.18383055E-06   1.57758553E-09   4.56784141E-08   8.39479078E-11  -4.46915497E-08  -1.07413923E-11
 1.00000000E+00   3.47826440E-06   1.49598894E-09   1.44412040E-08   8.28102995E-11  -3.95751911E-08  -8.56906159E-12
 1.00000000E+00   2.94750384E-06   1.43498305E-09   2.45238140E-08   8.42354083E-11  -2.42349581E-08  -7.76935920E-12
 1.00000000E+00   2.53982611E-06   1.37907608E-09   1.00711385E-08   9.15027087E-11  -2.62984379E-08  -6.83190791E-12
 1.00000000E+00   2.18390404E-06   1.32823745E-09   1.11154984E-10   9.09789498E-11  -1.67017297E-08  -5.28213332E-12
 1.00000000E+00   1.90988671E-06   1.28583309E-09   1.87700445E-09   9.36335606E-11  -1.19604000E-08  -2.77036781E-12
 1.00000000E+00   1.68679164E-06   1.24392682E-09   1.25628998E-08   9.85914893E-11  -1.78672536E-08  -7.44486171E-12
 1.00000000E+00   1.49479528E-06   1.21081641E-09   1.59820792E-08   1.03118187E-10  -4.72113147E-09  -3.04052861E-12
 1.00000000E+00   1.33394911E-06   1.17568765E-09   1.40184034E-08   1.06358139E-10  -1.12893602E-08  -5.21033216E-12
 1.00000000E+00   1.19213277E-06   1.14843855E-09   1.76564808E-08   1.10270597E-10  -1.44361266E-09  -3.30252888E-12
 1.00000000E+00   1.06711652E-06   1.11821261E-09   1.60114630E-08   1.11330906E-10  -1.02524778E-08  -7.46108157E-12
 1.00000000E+00   9.67439556E-07   1.08550786E-09   1.85621439E-08   1.14205298E-10  -4.93407933E-09  -5.45611194E-12
 1.00000000E+00   8.85102349E-07   1.05813561E-09   1.89457730E-08   1.17300116E-10  -4.73497967E-09  -3.38428216E-12
 1.00000000E+00   8.06753533E-07   1.02174155E-09   2.55969229E-08   1.22371402E-10  -4.15401275E-09  -5.29669432E-12
 1.00000000E+00   7.32509613E-07   9.80525819E-10   2.21101121E-08   1.20381718E-10  -5.36188281E-09  -8.09325156E-12
 1.00000000E+00   6.67052221E-07   9.31260183E-10   2.11153497E-08   1.23165075E-10  -6.06278577E-09  -9.42146145E-12
 1.00000000E+00   6.00001812E-07   8.72334954E-10   2.18710690E-08   1.20867114E-10  -3.53872839E-09  -5.94434880E-12
 1.00000000E+00   5.33958570E-07   8.00525599E-10   2.19856521E-08   1.18537943E-10  -5.45859875E-09  -1.09720640E-11
 1.00000000E+00   4.68464469E-07   7.20873919E-10   2.40497502E-08   1.21494651E-10  -5.04905426E-09  -1.04685715E-11
 1.00000000E+00   4.13097857E-07   6.46116938E-10   2.61891566E-08   1.19694190E-10  -5.73736610E-09  -1.15740495E-11
 1.00000000E+00   3.60494884E-07   5.74025116E-10   2.31637715E-08   1.10585977E-10  -2.91717352E-09  -6.09197351E-12
 1.00000000E+00   3.12115376E-07   5.05813203E-10   2.18586484E-08   1.05980887E-10  -2.55063555E-09  -4.97575895E-12
 1.00000000E+00   2.66901825E-07   4.43583659E-10   2.03992904E-08   9.82362780E-11  -3.59865830E-09  -7.32116790E-12
 1.00000000E+00   2.29073713E-07   3.92665254E-10   1.92419474E-08   9.32855060E-11  -3.95944945E-09  -5.75145475E-12
 1.00000000E+00   1.99126108E-07   3.55388652E-10   1.79976731E-08   8.80833940E-11  -1.16951476E-09  -4.88829157E-12
 1.00000000E+00   1.74805781E-07   3.28745061E-10   1.50771680E-08   7.84265993E-11  -2.54575042E-09  -5.11307801E-12
 1.00000000E+00   1.53991256E-07   3.08405754E-10   1.22945287E-08   7.09258936E-11  -1.88842616E-09  -3.74379937E-12
 1.00000000E+00   1.38047093E-07   2.97386104E-10   1.01098423E-08   6.40588035E-11  -1.53213671E-09  -2.96027712E-12
 1.00000000E+00   1.24981839E-07   2.92057377E-10   8.03043964E-09   6.00025800E-11  -8.43758998E-10  -1.57055131E-12
 1.00000000E+00   1.15285298E-07   2.92656998E-10   6.77308366E-09   5.44207569E-11  -7.28605867E-10  -1.65322426E-12
 1.00000000E+00   1.07223653E-07   2.94905743E-10   5.29726636E-09   5.09220035E-11  -6.43264054E-10  -1.18537921E-12
 1.00000000E+00   1.00832252E-07   2.97752405E-10   3.38995426E-09   4.83052199E-11  -5.01026821E-10  -4.75500324E-13
 1.00000000E+00   9.55417318E-08   3.01354764E-10   2.47563808E-09   4.49519136E-11  -5.72336063E-10  -8.92839924E-13
 1.00000000E+00   9.07447400E-08   3.04662162E-10   7.37849445E-10   4.24234603E-11  -3.28766072E-10   5.41357121E-14
 1.00000000E+00   8.66129296E-08   3.07754786E-10  -5.62335672E-10   4.00057265E-11  -3.07228315E-10  -9.22721844E-13
 1.00000000E+00   8.29756422E-08   3.10746892E-10  -1.42978909E-09   3.73826774E-11  -1.82584674E-10  -5.21950747E-13
 1.00000000E+00   7.94824863E-08   3.13673909E-10  -2.44409000E-09   3.59932538E-11  -2.42352506E-10  -5.41366188E-13
 1.00000000E+00   7.62594264E-08   3.16101125E-10  -3.14266640E-09   3.40875938E-11  -2.65240666E-10  -8.74533422E-14
 1.00000000E+00   7.33226253E-08   3.17994056E-10  -3.74882149E-09   3.26793061E-11  -1.82170067E-10  -5.85011434E-13
 1.00000000E+00   7.06038336E-08   3.19022483E-10  -4.36741271E-09   3.13297382E-11  -9.79622131E-11  -5.46266409E-13
 1.00000000E+00   6.81304899E-08   3.19934318E-10  -4.75250746E-09   3.00494895E-11  -2.31024124E-10  -7.43859124E-13
 1.00000000E+00   6.57545158E-08   3.19939960E-10  -5.04955230E-09   2.91579933E-11  -1.39339499E-10  -4.26106875E-13
 1.00000000E+00   6.34566852E-08   3.19823190E-10  -5.41403688E-09   2.82884291E-11  -8.11663823E-11  -3.84374652E-13
 1.00000000E+00   6.14271875E-08   3.19468025E-10  -5.64731091E-09   2.70307710E-11  -1.13900574E-10  -3.77869587E-13
 1.00000000E+00   5.94636490E-08   3.19041957E-10  -5.87321608E-09   2.64574557E-11  -1.35065220E-10  -2.05972898E-13
 1.00000000E+00   5.74771544E-08   3.17692602E-10  -5.99306421E-09   2.59376127E-11  -1.69588189E-10  -1.92571793E-13
 1.00000000E+00   5.54734580E-08   3.16438863E-10  -5.91903137E-09   2.55502837E-11  -9.60163763E-11  -3.07556998E-13
 1.00000000E+00   5.36179926E-08   3.15254317E-10  -6.08042470E-09   2.47698973E-11  -1.21885632E-10  -3.16337955E-13
 1.00000000E+00   5.19187883E-08   3.13088941E-10  -6.01856045E-09   2.43989481E-11  -1.33549274E-10  -5.94056975E-13
 1.00000000E+00   5.02038915E-08   3.11693469E-10  -5.99284073E-09   2.39026181E-11  -1.15015437E-10  -5.04283995E-13
 1.00000000E+00   4.85580283E-08   3.09238753E-10  -5.95824138E-09   2.36696816E-11  -5.65367431E-11  -5.96634882E-13
 1.00000000E+00   4.69734182E-08   3.07403248E-10  -5.91932566E-09   2.33348514E-11  -9.84248034E-11  -4.82662759E-13
 1.00000000E+00   4.54281530E-08   3.05199905E-10  -5.90165427E-09   2.27393835E-11  -5.02990554E-11  -4.81632910E-13
 1.00000000E+00   4.39165678E-08   3.02366475E-10  -5.81609402E-09   2.23889182E-11  -8.88005587E-11  -3.46251891E-13
 1.00000000E+00   4.24426076E-08   2.99699057E-10  -5.63101343E-09   2.23759365E-11  -8.34095864E-11  -4.33537545E-13
 1.00000000E+00   4.10807721E-08   2.97060402E-10  -5.56986647E-09   2.21195229E-11  -5.47986144E-11  -2.82462300E-13
 1.00000000E+00   3.97330984E-08   2.94486734E-10  -5.39498210E-09   2.20035548E-11  -6.44671670E-11  -4.82028027E-13
 1.00000000E+00   3.84433635E-08   2.91587075E-10  -5.30378746E-09   2.17817214E-11  -9.20332731E-11  -5.50662708E-13
 1.00000000E+00   3.72169192E-08   2.89039566E-10  -5.22790799E-09   2.15541092E-11  -2.23543647E-11  -3.78114248E-13
 1.00000000E+00   3.60045640E-08   2.86044098E-10  -5.17730186E-09   2.11445256E-11  -3.56285382E-12  -6.46908713E-14
 1.00000000E+00   3.48769877E-08   2.83368841E-10  -5.04803217E-09   2.10612049E-11  -7.98625022E-11  -4.52736177E-13
 1.00000000E+00   3.37202622E-08   2.80412169E-10  -4.95629777E-09   2.08321240E-11  -7.47464227E-11  -4.89403259E-13
 1.00000000E+00   3.27503481E-08   2.78011766E-10  -4.87846601E-09   2.08186846E-11   5.87810664E-12   3.35348693E-14
 1.00000000E+00   3.17088134E-08   2.75308262E-10  -4.73171291E-09   2.06760846E-11  -7.13462440E-11  -3.60689667E-13
 1.00000000E+01   4.62279083E-05   3.20774760E-08  -5.57870323E-07   4.71295570E-10  -1.65462392E-06  -4.99628826E-10
 1.00000000E+01   3.05153760E-05   2.78770058E-08  -3.12957352E-08   5.00639445E-10  -8.23302338E-07  -4.21575317E-10
 1.00000000E+01   2.12985304E-05   2.50511955E-08  -2.09710397E-07   5.39235497E-10  -4.72464373E-07  -3.09818654E-10
 1.00000000E+01   1.56610650E-05   2.27142613E-08   1.20795120E-07   6.07211206E-10  -1.56357314E-07  -2.26114712E-10
 1.00000000E+01   1.20937906E-05   2.09875830E-08  -2.23611679E-08   5.91143270E-10  -1.85754012E-07  -1.25074144E-10
 1.00000000E+01   9.48513442E-06   1.94806555E-08   6.52342029E-09   7.00640640E-10  -5.89933594E-08  -5.29611735E-11
 1.00000000E+01   7.55654470E-06   1.81179908E-08   8.42108024E-09   6.98312305E-10  -1.19454471E-07  -1.18687983E-10
 1.00000000E+01   6.10217030E-06   1.69969900E-08   3.28626562E-08   7.26893539E-10  -9.54508595E-08  -1.34141986E-10
 1.00000000E+01   5.04568002E-06   1.60638695E-08   7.51004192E-08   7.48882646E-10  -3.87359034E-08  -7.95934565E-11
 1.00000000E+01   4.18295288E-06   1.51183222E-08   4.55772948E-08   7.62225277E-10  -4.46911666E-08  -1.07041108E-10
 1.00000000E+01   3.47738647E-06   1.42999732E-08   1.43383377E-08   7.50138642E-10  -3.95749258E-08  -8.60731515E-11
 1.00000000E+01   2.94662508E-06   1.36889382E-08   2.44193086E-08   7.60861826E-10  -2.42345788E-08  -7.79334683E-11
 1.00000000E+01   2.53894670E-06   1.31287863E-08   9.96389954E-09   8.33035105E-10  -2.62980660E-08  -6.79315683E-11
 1.00000000E+01   2.18302402E-06   1.26199982E-08   2.13011695E-12   8.27760945E-10  -1.67013593E-08  -5.31692517E-11
 1.00000000E+01   1.90900633E-06   1.21940822E-08   1.76617774E-09   8.53335533E-10  -1.19601800E-08  -2.72895639E-11
 1.00000000E+01   1.68591163E-06   1.17738941E-08   1.24500581E-08   9.01777863E-10  -1.78664006E-08  -7.40466108E-11
 1.00000000E+01   1.49391541E-06   1.14431195E-08   1.58671653E-08   9.46124394E-10  -4.72062042E-09  -3.00386767E-11
 1.00000000E+01   1.33307030E-06   1.10920148E-08   1.39015312E-08   9.77709441E-10  -1.12885841E-08  -5.18675958E-11
 1.00000000E+01   1.19125494E-06   1.08200873E-08   1.75379452E-08   1.01600417E-09  -1.44260152E-09  -3.24310710E-11
 1.00000000E+01   1.06624121E-06   1.05186192E-08   1.58922661E-08   1.02636937E-09  -1.02504491E-08  -7.35722247E-11
 1.00000000E+01   9.66570665E-07   1.01961659E-08   1.84420138E-08   1.05459676E-09  -4.93201859E-09  -5.33043026E-11
 1.00000000E+01   8.84241403E-07   9.92785778E-09   1.88255074E-08   1.08620997E-09  -4.73351710E-09  -3.27504624E-11
 1.00000000E+01   8.05906545E-07   9.57393812E-09   2.54758774E-08   1.13706345E-09  -4.15123038E-09  -5.11804850E-11
 1.00000000E+01   7.31682134E-07   9.17512397E-09   2.19914935E-08   1.11939848E-09  -5.35721899E-09  -7.80230685E-11
 1.00000000E+01   6.66251009E-07   8.70019468E-09   2.09974610E-08   1.14851086E-09  -6.05737018E-09  -9.05745807E-11
 1.00000000E+01   5.99235728E-07   8.13520066E-09   2.17571165E-08   1.12879812E-09  -3.53487642E-09  -5.68107490E-11
 1.00000000E+01   5.33236892E-07   7.44808525E-09   2.18758733E-08   1.10907566E-09  -5.45181397E-09  -1.05280183E-10
 1.00000000E+01   4.67792763E-07   6.68513476E-09   2.39410539E-08   1.14041450E-09  -5.04267786E-09  -1.00538587E-10
 1.00000000E+01   4.12472700E-07   5.96892483E-09   2.60849795E-08   1.12626642E-09  -5.73001891E-09  -1.10971780E-10
 1.00000000E+01   3.59913465E-07   5.27606710E-09   2.30687773E-08   1.04259839E-09  -2.91356585E-09  -5.86184037E-11
 1.00000000E+01   3.11573466E-07   4.61948175E-09   2.17706765E-08   1.00232370E-09  -2.54788621E-09  -4.81281035E-11
 1.00000000E+01   2.66392861E-07   4.01641440E-09   2.03202699E-08   9.32204922E-10  -3.59512572E-09  -7.14296120E-11
 1.00000000E+01   2.28586077E-07   3.51711378E-09   1.91697172E-08   8.88348976E-10  -3.95749425E-09  -5.67620112E-11
 1.00000000E+01   1.98647527E-07   3.14459455E-09   1.79323365E-08   8.42250745E-10  -1.16805752E-09  -4.85633327E-11
 1.00000000E+01   1.74326882E-07   2.87113482E-09   1.50197056E-08   7.51327719E-10  -2.54484609E-09  -5.15748828E-11
 1.00000000E+01   1.53505426E-07   2.65537902E-09   1.22443563E-08   6.82104117E-10  -1.88870777E-09  -3.87809947E-11
 1.00000000E+01   1.37545430E-07   2.52567667E-09   1.00666721E-08   6.19152738E-10  -1.53361902E-09  -3.19930445E-11
 1.00000000E+01   1.24458463E-07   2.44834902E-09   7.99121101E-09   5.81891605E-10  -8.45114049E-10  -1.76216713E-11
 1.00000000E+01   1.14739851E-07   2.43124830E-09   6.73725520E-09   5.28350700E-10  -7.30240921E-10  -1.87567344E-11
 1.00000000E+01   1.06657576E-07   2.43261741E-09   5.26319176E-09   4.94469549E-10  -6.44993652E-10  -1.40910611E-11
 1.00000000E+01   1.00248335E-07   2.44303221E-09   3.35554603E-09   4.67465781E-10  -5.02493418E-10  -6.46620100E-12
 1.00000000E+01   9.49426486E-08   2.46395758E-09   2.44338969E-09   4.35528484E-10  -5.73955038E-10  -1.09346675E-11
 1.00000000E+01   9.01326042E-08   2.48423406E-09   7.04848405E-10   4.09014865E-10  -3.29785608E-10  -5.85880459E-13
 1.00000000E+01   8.59902611E-08   2.50476135E-09  -5.95745031E-10   3.83942543E-10  -3.08053701E-10  -1.04332898E-11
 1.00000000E+01   8.23447586E-08   2.52668384E-09  -1.46346038E-09   3.56877252E-10  -1.83018264E-10  -5.86503170E-12
 1.00000000E+01   7.88449726E-08   2.54964798E-09  -2.47917253E-09   3.41201842E-10  -2.42741482E-10  -6.02310226E-12
 1.00000000E+01   7.56167767E-08   2.56901245E-09  -3.17874930E-09   3.20705513E-10  -2.65586304E-10  -1.30185460E-12
 1.00000000E+01   7.26761442E-08   2.58418411E-09  -3.78606442E-09   3.05028620E-10  -1.82288612E-10  -6.18785914E-12
 1.00000000E+01   6.99545303E-08   2.59153159E-09  -4.40604223E-09   2.89721684E-10  -9.79212259E-11  -5.64327991E-12
 1.00000000E+01   6.74793097E-08   2.59863248E-09  -4.79235536E-09   2.75277239E-10  -2.31002205E-10  -7.73618743E-12
 1.00000000E+01   6.51022807E-08   2.59715995E-09  -5.09070498E-09   2.64790832E-10  -1.39274846E-10  -4.34833274E-12
 1.00000000E+01   6.28037833E-08   2.59478428E-09  -5.45639541E-09   2.54504390E-10  -8.10720727E-11  -3.87992658E-12
 1.00000000E+01   6.07740566E-08   2.59044301E-09  -5.69052280E-09   2.40588789E-10  -1.13783919E-10  -3.82097842E-12
 1.00000000E+01   5.88104550E-08   2.58551643E-09  -5.91761494E-09   2.33387202E-10  -1.35039265E-10  -2.13101460E-12
 1.00000000E+01   5.68245288E-08   2.57165745E-09  -6.03864383E-09   2.26701217E-10  -1.69503072E-10  -1.94112519E-12
 1.00000000E+01   5.48215185E-08   2.55886906E-09  -5.96571885E-09   2.21499274E-10  -9.58706348E-11  -3.06323256E-12
 1.00000000E+01   5.29667195E-08   2.54672362E-09  -6.12789744E-09   2.12488800E-10  -1.21738506E-10  -3.16822831E-12
 1.00000000E+01   5.12688678E-08   2.52520164E-09  -6.06699754E-09   2.07525233E-10  -1.33264344E-10  -5.89839850E-12
 1.00000000E+01   4.95550359E-08   2.51128428E-09  -6.04204940E-09   2.01506820E-10  -1.14727317E-10  -4.98286171E-12
 1.00000000E+01   4.79108059E-08   2.48700660E-09  -6.00837586E-09   1.98007124E-10  -5.62247493E-11  -5.90619879E-12
 1.00000000E+01   4.63276578E-08   2.46890297E-09  -5.97014494E-09   1.93663508E-10  -9.81382131E-11  -4.76833990E-12
 1.00000000E+01   4.47840710E-08   2.44718151E-09  -5.95302560E-09   1.86737799E-10  -4.99930145E-11  -4.69945195E-12
 1.00000000E+01   4.32745299E-08   2.41930368E-09  -5.86808141E-09   1.82302197E-10  -8.85640020E-11  -3.39119542E-12
 1.00000000E+01   4.18027039E-08   2.39323231E-09  -5.68378189E-09   1.81249735E-10  -8.31474453E-11  -4.28192242E-12
 1.00000000E+01   4.04429132E-08   2.36732474E-09  -5.62314281E-09   1.77876382E-10  -5.46142145E-11  -2.78358303E-12
 1.00000000E+01   3.90973253E-08   2.34209414E-09  -5.44890432E-09   1.75798092E-10  -6.41622790E-11  -4.74036043E-12
 1.00000000E+01   3.78099371E-08   2.31381400E-09  -5.35818146E-09   1.72846070E-10  -9.16765499E-11  -5.40681785E-12
 1.00000000E+01   3.65855721E-08   2.28888971E-09  -5.28271253E-09   1.69826258E-10  -2.20647310E-11  -3.63640279E-12
 1.00000000E+01   3.53756655E-08   2.25959479E-09  -5.23234692E-09   1.65117202E-10  -3.55112426E-12  -6.91215758E-13
 1.00000000E+01   3.42503254E-08   2.23348831E-09  -5.10352801E-09   1.63593772E-10  -7.95566897E-11  -4.44547808E-12
 1.00000000E+01   3.30960378E-08   2.20456694E-09  -5.01212208E-09   1.60674600E-10  -7.43875069E-11  -4.76777935E-12
 1.00000000E+01   3.21282058E-08   2.18116124E-09  -4.93466552E-09   1.59898668E-10   5.84031579E-12   2.66934125E-13
 1.00000000E+01   3.10890505E-08   2.15485275E-09  -4.78824622E-09   1.57899755E-10  -7.10646550E-11  -3.51578775E-12
 1.00000000E+02   4.62019049E-05   3.00470423E-07  -5.59799518E-07   2.41278881E-09  -1.65459909E-06  -4.99962705E-09
 1.00000000E+02   3.04895778E-05   2.58424221E-07  -3.32841608E-08   2.67136423E-09  -8.23274500E-07  -4.21696042E-09
 1.00000000E+02   2.12728959E-05   2.30115338E-07  -2.11760506E-07   3.02281295E-09  -4.72434896E-07  -3.09800863E-09
 1.00000000E+02   1.56356060E-05   2.06698142E-07   1.18687500E-07   3.67046770E-09  -1.56327526E-07  -2.25774554E-09
 1.00000000E+02   1.20684702E-05   1.89382535E-07  -2.45298680E-08   3.47067057E-09  -1.85742633E-07  -1.25505024E-09
 1.00000000E+02   9.45994949E-06   1.74262134E-07   4.27764852E-09   4.52687363E-09  -5.89887159E-08  -5.32288677E-10
 1.00000000E+02   7.53150294E-06   1.60586862E-07   6.11674180E-09   4.46485372E-09  -1.19437968E-07  -1.18924769E-09
 1.00000000E+02   6.07724188E-06   1.49318041E-07   3.04934856E-08   4.71075321E-09  -9.54274098E-08  -1.34218816E-09
 1.00000000E+02   5.02085917E-06   1.39934396E-07   7.26655365E-08   4.89014772E-09  -3.87173013E-08  -7.94005139E-10
 1.00000000E+02   4.15826471E-06   1.30429979E-07   4.30627318E-08   4.97278098E-09  -4.46614909E-08  -1.06561695E-09
 1.00000000E+02   3.45281074E-06   1.22191866E-07   1.17523970E-08   4.80390211E-09  -3.95520158E-08  -8.58819057E-10
 1.00000000E+02   2.92211495E-06   1.16017696E-07   2.17637243E-08   4.86768524E-09  -2.42078469E-08  -7.73993665E-10
 1.00000000E+02   2.51450752E-06   1.10359664E-07   7.18475093E-09   5.51777636E-09  -2.62731127E-08  -6.74469140E-10
 1.00000000E+02   2.15864954E-06   1.05214475E-07  -2.85112186E-09   5.41625869E-09  -1.66785199E-08  -5.25735865E-10
 1.00000000E+02   1.88469321E-06   1.00908079E-07  -1.16754229E-09   5.62436364E-09  -1.19478411E-08  -2.69783390E-10
 1.00000000E+02   1.66168718E-06   9.66786136E-08   9.42292496E-09   6.05777016E-09  -1.78221790E-08  -7.23784137E-10
 1.00000000E+02   1.46975055E-06   9.33394720E-08   1.27427966E-08   6.44762189E-09  -4.69721643E-09  -2.89411566E-10
 1.00000000E+02   1.30899925E-06   8.98197404E-08   1.06844127E-08   6.71195821E-09  -1.12521328E-08  -5.02844844E-10
 1.00000000E+02   1.16725034E-06   8.70897501E-08   1.42343073E-08   7.05194213E-09  -1.40263936E-09  -3.00261634E-10
 1.00000000E+02   1.04235582E-06   8.41022812E-08   1.25368612E-08   7.13646643E-09  -1.01693802E-08  -6.88555228E-10
 1.00000000E+02   9.42930451E-07   8.10073599E-08   1.50212122E-08   7.39572685E-09  -4.85425626E-09  -4.83103569E-10
 1.00000000E+02   8.60867291E-07   7.84943540E-08   1.53565394E-08   7.70745492E-09  -4.68351693E-09  -2.92737392E-10
 1.00000000E+02   7.82994724E-07   7.52750503E-08   2.19343669E-08   8.19821516E-09  -4.05339189E-09  -4.43276541E-10
 1.00000000E+02   7.09400054E-07   7.17462466E-08   1.84851808E-08   8.08068586E-09  -5.19608298E-09  -6.64295874E-10
 1.00000000E+02   6.44819796E-07   6.76288699E-08   1.74495196E-08   8.38768186E-09  -5.87240374E-09  -7.71605015E-10
 1.00000000E+02   5.78929574E-07   6.28329822E-08   1.82882126E-08   8.28925040E-09  -3.40456249E-09  -4.71859447E-10
 1.00000000E+02   5.14364986E-07   5.70503961E-08   1.84836282E-08   8.19530603E-09  -5.21678196E-09  -8.82511105E-10
 1.00000000E+02   4.50553272E-07   5.06518090E-08   2.05125286E-08   8.53314267E-09  -4.81955117E-09  -8.44992959E-10
 1.00000000E+02   3.96801776E-07   4.46446201E-08   2.27333604E-08   8.50260178E-09  -5.47166577E-09  -9.24316166E-10
 1.00000000E+02   3.45754280E-07   3.88049888E-08   1.99483488E-08   7.89133000E-09  -2.77887644E-09  -4.94268020E-10
 1.00000000E+02   2.98849900E-07   3.32307224E-08   1.87817543E-08   7.65581571E-09  -2.44115594E-09  -4.11038720E-10
 1.00000000E+02   2.54973722E-07   2.80364325E-08   1.75398335E-08   7.17189382E-09  -3.43516481E-09  -6.21108159E-10
 1.00000000E+02   2.18206770E-07   2.36033576E-08   1.65185240E-08   6.89351571E-09  -3.84211996E-09  -5.14118920E-10
 1.00000000E+02   1.89001900E-07   2.01434092E-08   1.54242051E-08   6.59597176E-09  -1.06790569E-09  -4.42390675E-10
 1.00000000E+02   1.65172035E-07   1.74478682E-08   1.27400384E-08   5.87963871E-09  -2.43483523E-09  -4.83903672E-10
 1.00000000E+02   1.44697771E-07   1.51728355E-08   1.01389542E-08   5.35945882E-09  -1.81288248E-09  -3.85063308E-10
 1.00000000E+02   1.28866500E-07   1.35443185E-08   8.12227649E-09   4.89364952E-09  -1.47712981E-09  -3.44806765E-10
 1.00000000E+02   1.15766284E-07   1.22976525E-08   6.13494393E-09   4.60860648E-09  -8.15869932E-10  -2.01490976E-10
 1.00000000E+02   1.05919685E-07   1.16335469E-08   4.99525296E-09   4.15367321E-09  -7.01134488E-10  -2.18568396E-10
 1.00000000E+02   9.76842885E-08   1.11825404E-08   3.58647279E-09   3.85346158E-09  -6.24069140E-10  -1.75013151E-10
 1.00000000E+02   9.11277470E-08   1.08839499E-08   1.71764425E-09   3.57350474E-09  -5.00134519E-10  -9.56280104E-11
 1.00000000E+02   8.56681218E-08   1.07478180E-08   8.70642499E-10   3.30100128E-09  -5.60002332E-10  -1.41974635E-10
 1.00000000E+02   8.07262922E-08   1.06532099E-08  -8.39495000E-10   3.01525276E-09  -3.34014301E-10  -2.83737486E-11
 1.00000000E+02   7.64655358E-08   1.06174464E-08  -2.10662145E-09   2.75269346E-09  -2.89385897E-10  -1.19004687E-10
 1.00000000E+02   7.27160806E-08   1.06477920E-08  -2.92967435E-09   2.47569878E-09  -1.72329818E-10  -6.60883121E-11
 1.00000000E+02   6.91174764E-08   1.07229771E-08  -3.92969786E-09   2.28423711E-09  -2.31962248E-10  -6.66990781E-11
 1.00000000E+02   6.58122043E-08   1.07973013E-08  -4.60060694E-09   2.05595291E-09  -2.65977715E-10  -2.03149882E-11
 1.00000000E+02   6.28158040E-08   1.08615108E-08  -5.18674826E-09   1.87248307E-09  -1.69422186E-10  -6.22593942E-11
 1.00000000E+02   6.00597065E-08   1.08720737E-08  -5.78402606E-09   1.68853360E-09  -8.32279069E-11  -5.29268976E-11
 1.00000000E+02   5.75631139E-08   1.09034498E-08  -6.15180933E-09   1.51609738E-09  -2.11634808E-10  -7.33739983E-11
 1.00000000E+02   5.51889068E-08   1.08711114E-08  -6.43519566E-09   1.38150463E-09  -1.29360541E-10  -4.03056920E-11
 1.00000000E+02   5.29025656E-08   1.08399382E-08  -6.78473412E-09   1.25220905E-09  -7.17333705E-11  -3.50978269E-11
 1.00000000E+02   5.08912810E-08   1.07992027E-08  -6.99350182E-09   1.09620132E-09  -1.02865491E-10  -3.36180327E-11
 1.00000000E+02   4.89487543E-08   1.07568547E-08  -7.20854336E-09   9.98081682E-10  -1.29256406E-10  -1.97270190E-11
 1.00000000E+02   4.70102786E-08   1.06438938E-08  -7.31839476E-09   9.05099126E-10  -1.62232946E-10  -1.60042968E-11
 1.00000000E+02   4.50569719E-08   1.05451203E-08  -7.23705609E-09   8.28414726E-10  -8.65120573E-11  -2.57087200E-11
 1.00000000E+02   4.32509498E-08   1.04521440E-08  -7.37773331E-09   7.23921386E-10  -1.12107085E-10  -2.64809421E-11
 1.00000000E+02   4.16278650E-08   1.02851274E-08  -7.30435293E-09   6.54132051E-10  -1.16389402E-10  -4.94810999E-11
 1.00000000E+02   3.99721077E-08   1.01851431E-08  -7.26530922E-09   5.78858550E-10  -9.91872998E-11  -4.02917924E-11
 1.00000000E+02   3.84127292E-08   9.99933320E-09  -7.22066442E-09   5.25070726E-10  -3.96241140E-11  -4.88689876E-11
 1.00000000E+02   3.69021314E-08   9.86918269E-09  -7.16917906E-09   4.68681551E-10  -8.28010855E-11  -3.82513164E-11
 1.00000000E+02   3.54409724E-08   9.71000840E-09  -7.13150366E-09   3.91619909E-10  -3.70958369E-11  -3.75042132E-11
 1.00000000E+02   3.40327663E-08   9.50120502E-09  -7.02915875E-09   3.37117760E-10  -7.69874906E-11  -2.63290945E-11
 1.00000000E+02   3.26578799E-08   9.31184666E-09  -6.84019187E-09   3.10094018E-10  -6.92964883E-11  -3.40229609E-11
 1.00000000E+02   3.13950062E-08   9.12236770E-09  -6.76504676E-09   2.68880899E-10  -4.50059936E-11  -2.16791407E-11
 1.00000000E+02   3.01471977E-08   8.94132713E-09  -6.57932630E-09   2.36745024E-10  -4.88746263E-11  -3.72578894E-11
 1.00000000E+02   2.89648402E-08   8.73698657E-09  -6.47504352E-09   2.00337149E-10  -7.44432574E-11  -4.23547941E-11
 1.00000000E+02   2.78370669E-08   8.55896362E-09  -6.38455795E-09   1.65329250E-10  -1.16460024E-11  -2.76886680E-11
 1.00000000E+02   2.67381963E-08   8.34871645E-09  -6.31355771E-09   1.18401327E-10   2.45989767E-13  -5.78415870E-12
 1.00000000E+02   2.57135095E-08   8.16362012E-09  -6.17297819E-09   9.68579373E-11  -6.42663210E-11  -3.41731294E-11
 1.00000000E+02   2.46711974E-08   7.95781818E-09  -6.06609613E-09   6.51101149E-11  -5.84799049E-11  -3.60111269E-11
 1.00000000E+02   2.37965747E-08   7.79507227E-09  -5.97593813E-09   5.35842044E-11   7.52999438E-12   2.37904783E-12
 1.00000000E+02   2.28608205E-08   7.61272769E-09  -5.81852564E-09   2.96734617E-11  -5.84037193E-11  -2.58693769E-11
