 1.00000000E+00   7.14531543E-09  -3.19145542E-11   2.04851909E-06   4.47267200E-10   2.32076372E-08  -2.32685930E-11
 1.00000000E+00  -4.21025657E-09  -3.24506222E-11   1.60480910E-06   4.39045845E-10   1.38608095E-08  -2.36723873E-11
 1.00000000E+00   4.38844334E-09  -3.28175129E-11   1.29410043E-06   4.31562991E-10   8.96742916E-09  -2.38416719E-11
 1.00000000E+00  -2.13688577E-09  -3.40275012E-11   1.05875891E-06   4.24412163E-10  -6.02654838E-10  -2.47348684E-11
 1.00000000E+00   4.73422459E-09  -3.46213921E-11   8.90295899E-07   4.18383570E-10   4.14702934E-11  -2.43465221E-11
 1.00000000E+00   9.83663068E-10  -3.58156776E-11   7.53447147E-07   4.11953395E-10  -3.50876923E-09  -2.50502656E-11
 1.00000000E+00   2.82733269E-09  -3.66128200E-11   6.50246083E-07   4.07454465E-10  -1.62038211E-09  -2.45484192E-11
 1.00000000E+00  -2.34911872E-09  -3.81360465E-11   5.62412667E-07   4.01754196E-10  -3.12238111E-09  -2.48423609E-11
 1.00000000E+00  -4.01710711E-09  -3.97057513E-11   4.96334515E-07   3.97792206E-10  -3.57656085E-09  -2.47701628E-11
 1.00000000E+00  -2.56729048E-09  -4.04952405E-11   4.41605095E-07   3.94334181E-10  -3.33504218E-09  -2.44261760E-11
 1.00000000E+00  -3.25092779E-09  -4.17286385E-11   3.92084064E-07   3.90002162E-10  -3.29353133E-09  -2.42624162E-11
 1.00000000E+00  -3.19199038E-09  -4.27183851E-11   3.52321670E-07   3.86316252E-10  -3.47477935E-09  -2.42071144E-11
 1.00000000E+00  -2.94152703E-09  -4.38148464E-11   3.18665067E-07   3.82623154E-10  -4.05621391E-09  -2.40882504E-11
 1.00000000E+00  -2.30596161E-09  -4.52980985E-11   2.89175080E-07   3.79374643E-10  -4.51872119E-09  -2.37800139E-11
 1.00000000E+00  -3.47910765E-09  -4.68684017E-11   2.63095595E-07   3.75449122E-10  -5.11720263E-09  -2.36753911E-11
 1.00000000E+00  -4.23652070E-09  -4.88250766E-11   2.41704989E-07   3.72941250E-10  -5.66665205E-09  -2.33189734E-11
 1.00000000E+00  -4.68097269E-09  -5.03496173E-11   2.22740589E-07   3.70290518E-10  -5.42713678E-09  -2.24220759E-11
 1.00000000E+00  -4.73133886E-09  -5.21323426E-11   2.06184644E-07   3.67811002E-10  -5.69531892E-09  -2.19634491E-11
 1.00000000E+00  -5.88064291E-09  -5.41698531E-11   1.90733393E-07   3.64452545E-10  -6.04542570E-09  -2.16753273E-11
 1.00000000E+00  -6.34872665E-09  -5.62072194E-11   1.77479177E-07   3.62053132E-10  -5.91356761E-09  -2.04826644E-11
 1.00000000E+00  -6.96137798E-09  -5.84539722E-11   1.65849301E-07   3.59714385E-10  -5.93820276E-09  -1.93931225E-11
 1.00000000E+00  -7.37718920E-09  -6.04494063E-11   1.55139302E-07   3.57129254E-10  -5.72838793E-09  -1.78873152E-11
 1.00000000E+00  -8.80637776E-09  -6.32249859E-11   1.45498078E-07   3.54708111E-10  -5.54424612E-09  -1.62081802E-11
 1.00000000E+00  -9.49121753E-09  -6.55338493E-11   1.36439466E-07   3.51737557E-10  -5.16653688E-09  -1.43510442E-11
 1.00000000E+00  -9.93967044E-09  -6.78422889E-11   1.28417297E-07   3.49342924E-10  -4.73236907E-09  -1.19390866E-11
 1.00000000E+00  -1.08270073E-08  -7.01445997E-11   1.21069921E-07   3.46711872E-10  -4.11800018E-09  -9.39670588E-12
 1.00000000E+00  -1.19002805E-08  -7.25377484E-11   1.14382613E-07   3.44244257E-10  -3.08853078E-09  -5.95957317E-12
 1.00000000E+00  -1.24440728E-08  -7.44954089E-11   1.08008760E-07   3.41581135E-10  -2.22418552E-09  -2.44849576E-12
 1.00000000E+00  -1.30593205E-08  -7.60259957E-11   1.02485554E-07   3.39016115E-10  -1.13184389E-09   1.50727903E-12
 1.00000000E+00  -1.34262648E-08  -7.71508372E-11   9.71672547E-08   3.36513008E-10   4.66361550E-11   5.86313027E-12
 1.00000000E+00  -1.34849665E-08  -7.76634884E-11   9.20480699E-08   3.33554275E-10   1.35617008E-09   1.03694422E-11
 1.00000000E+00  -1.36348039E-08  -7.77527471E-11   8.72344233E-08   3.30627824E-10   2.55045753E-09   1.48201557E-11
 1.00000000E+00  -1.33457461E-08  -7.70111135E-11   8.25931949E-08   3.27226343E-10   3.82009198E-09   1.94007459E-11
 1.00000000E+00  -1.31249099E-08  -7.58421783E-11   7.82378323E-08   3.24109921E-10   4.87284637E-09   2.34850632E-11
 1.00000000E+00  -1.26528012E-08  -7.43313783E-11   7.41717776E-08   3.20769154E-10   6.04116686E-09   2.74420817E-11
 1.00000000E+00  -1.19448024E-08  -7.22107262E-11   7.03347529E-08   3.17458190E-10   7.00177851E-09   3.10307580E-11
 1.00000000E+00  -1.12242103E-08  -6.98615904E-11   6.67246705E-08   3.14087133E-10   7.82032272E-09   3.42029778E-11
 1.00000000E+00  -1.04328010E-08  -6.72345798E-11   6.33516163E-08   3.10898642E-10   8.45452259E-09   3.67383746E-11
 1.00000000E+00  -9.60484009E-09  -6.45601018E-11   6.01582797E-08   3.07743920E-10   8.96749012E-09   3.89133869E-11
 1.00000000E+00  -8.78236195E-09  -6.18863130E-11   5.71691150E-08   3.04617184E-10   9.35299232E-09   4.06373113E-11
 1.00000000E+00  -7.82082939E-09  -5.89457470E-11   5.43873819E-08   3.01483808E-10   9.70309708E-09   4.22475747E-11
 1.00000000E+00  -7.03359552E-09  -5.62591461E-11   5.19461883E-08   2.99010154E-10   9.80626647E-09   4.30750910E-11
 1.00000000E+00  -6.24881736E-09  -5.37255987E-11   4.95520997E-08   2.96215073E-10   9.96380970E-09   4.40446208E-11
 1.00000000E+00  -5.52859563E-09  -5.12541605E-11   4.73787280E-08   2.93791570E-10   9.92156515E-09   4.44628222E-11
 1.00000000E+00  -4.86647907E-09  -4.88929416E-11   4.53779604E-08   2.91612892E-10   9.88328169E-09   4.47243181E-11
 1.00000000E+00  -4.20254203E-09  -4.65753317E-11   4.34183431E-08   2.89283360E-10   9.79155579E-09   4.49179842E-11
 1.00000000E+00  -3.56169040E-09  -4.43616708E-11   4.16256915E-08   2.87048557E-10   9.67320054E-09   4.49318063E-11
 1.00000000E+00  -3.09776281E-09  -4.25007453E-11   3.99542480E-08   2.85065166E-10   9.48455460E-09   4.47133866E-11
 1.00000000E+00  -2.60997959E-09  -4.06989591E-11   3.83905915E-08   2.83101234E-10   9.28218175E-09   4.44057972E-11
 1.00000000E+00  -2.18614900E-09  -3.90123959E-11   3.69488355E-08   2.81288538E-10   9.08330156E-09   4.41176871E-11
 1.00000000E+00  -1.75725667E-09  -3.73807413E-11   3.55843732E-08   2.79591011E-10   8.87505945E-09   4.37252760E-11
 1.00000000E+00  -1.41506987E-09  -3.59342256E-11   3.42950181E-08   2.77894005E-10   8.67320216E-09   4.33624988E-11
 1.00000000E+00  -1.11812237E-09  -3.46816259E-11   3.30893156E-08   2.76272434E-10   8.43737451E-09   4.28741141E-11
 1.00000000E+00  -8.06661037E-10  -3.33306742E-11   3.19682589E-08   2.74772368E-10   8.23752243E-09   4.24780313E-11
 1.00000000E+00  -5.41193507E-10  -3.21246076E-11   3.09195594E-08   2.73418160E-10   8.00030446E-09   4.19452310E-11
 1.00000000E+00  -3.37730963E-10  -3.11421002E-11   2.99328907E-08   2.72133889E-10   7.77165644E-09   4.14119111E-11
 1.00000000E+00  -9.28083778E-11  -3.00203811E-11   2.89478840E-08   2.70696268E-10   7.56337754E-09   4.09508488E-11
 1.00000000E+00   1.07714902E-10  -2.89779122E-11   2.80753026E-08   2.69438922E-10   7.33625704E-09   4.03919892E-11
 1.00000000E+00   2.28276211E-10  -2.82935958E-11   2.71849320E-08   2.68061996E-10   7.11089498E-09   3.98076360E-11
 1.00000000E+00   3.87465850E-10  -2.73859477E-11   2.63940815E-08   2.67005285E-10   6.91123576E-09   3.93335068E-11
 1.00000000E+00   5.14163383E-10  -2.66653821E-11   2.55907206E-08   2.65675842E-10   6.70062061E-09   3.87833547E-11
 1.00000000E+00   6.53112240E-10  -2.58833433E-11   2.48379665E-08   2.64505601E-10   6.50408724E-09   3.82793607E-11
 1.00000000E+00   7.68758908E-10  -2.52340123E-11   2.41615276E-08   2.63434665E-10   6.30693131E-09   3.77373270E-11
 1.00000000E+00   8.64185673E-10  -2.45101685E-11   2.34839834E-08   2.62297678E-10   6.11168733E-09   3.71874888E-11
 1.00000000E+00   9.31262206E-10  -2.40374486E-11   2.28684921E-08   2.61385501E-10   5.90848270E-09   3.66320613E-11
 1.00000000E+00   1.02479633E-09  -2.33663526E-11   2.22350798E-08   2.60229262E-10   5.73119324E-09   3.61264560E-11
 1.00000000E+00   1.09311657E-09  -2.28372559E-11   2.16529697E-08   2.59242616E-10   5.55827173E-09   3.56467018E-11
 1.00000000E+00   1.15172914E-09  -2.23454513E-11   2.10748110E-08   2.58199038E-10   5.37303010E-09   3.50637009E-11
 1.00000000E+00   1.20405090E-09  -2.19476862E-11   2.05689744E-08   2.57273577E-10   5.22409483E-09   3.46290415E-11
 1.00000000E+00   1.27653130E-09  -2.13803204E-11   2.00346686E-08   2.56197724E-10   5.05224237E-09   3.41003438E-11
 1.00000000E+00   1.29765835E-09  -2.10925042E-11   1.95371388E-08   2.55314089E-10   4.89795597E-09   3.36592415E-11
 1.00000000E+00   1.32755030E-09  -2.07065714E-11   1.90797197E-08   2.54340237E-10   4.75607674E-09   3.32425487E-11
 1.00000000E+00   1.34750790E-09  -2.03937983E-11   1.86049337E-08   2.53409336E-10   4.60917555E-09   3.28058515E-11
 1.00000000E+01   7.21446906E-09  -1.75540733E-10   2.04790162E-06   3.20179869E-09   2.32226626E-08  -2.30889925E-10
 1.00000000E+01  -4.14070075E-09  -1.80832949E-10   1.60419147E-06   3.11899874E-09   1.38756016E-08  -2.35238588E-10
 1.00000000E+01   4.45848081E-09  -1.84453505E-10   1.29348267E-06   3.04414002E-09   8.98186315E-09  -2.37325617E-10
 1.00000000E+01  -2.06618636E-09  -1.96304568E-10   1.05814115E-06   2.97246874E-09  -5.88377339E-10  -2.46292425E-10
 1.00000000E+01   4.80548663E-09  -2.02009557E-10   8.89678011E-07   2.91211903E-09   5.51394505E-11  -2.42953140E-10
 1.00000000E+01   1.05557112E-09  -2.13710488E-10   7.52829583E-07   2.84788897E-09  -3.49520966E-09  -2.50273961E-10
 1.00000000E+01   2.89979295E-09  -2.21565667E-10   6.49628116E-07   2.80237366E-09  -1.60746908E-09  -2.45817607E-10
 1.00000000E+01  -2.27588435E-09  -2.36395105E-10   5.61795076E-07   2.74582634E-09  -3.10977274E-09  -2.49051582E-10
 1.00000000E+01  -3.94292948E-09  -2.51666156E-10   4.95716661E-07   2.70589871E-09  -3.56442703E-09  -2.48913451E-10
 1.00000000E+01  -2.49256194E-09  -2.59397367E-10   4.40986836E-07   2.67085986E-09  -3.32351330E-09  -2.45974919E-10
 1.00000000E+01  -3.17541601E-09  -2.71394349E-10   3.91465958E-07   2.62764819E-09  -3.28249842E-09  -2.44857635E-10
 1.00000000E+01  -3.11583084E-09  -2.81069175E-10   3.51703571E-07   2.59067960E-09  -3.46422158E-09  -2.44600635E-10
 1.00000000E+01  -2.86468303E-09  -2.91827920E-10   3.18047146E-07   2.55378781E-09  -4.04621830E-09  -2.43937480E-10
 1.00000000E+01  -2.22806449E-09  -3.06219267E-10   2.88557076E-07   2.52123341E-09  -4.50940123E-09  -2.41507607E-10
 1.00000000E+01  -3.40029049E-09  -3.21452994E-10   2.62478187E-07   2.48220497E-09  -5.10841989E-09  -2.40825287E-10
 1.00000000E+01  -4.15644861E-09  -3.40419546E-10   2.41087269E-07   2.45673246E-09  -5.65863022E-09  -2.37900680E-10
 1.00000000E+01  -4.59998529E-09  -3.55306889E-10   2.22122753E-07   2.42994119E-09  -5.42016811E-09  -2.29716953E-10
 1.00000000E+01  -4.64920629E-09  -3.72637110E-10   2.05566664E-07   2.40492773E-09  -5.68912277E-09  -2.25703995E-10
 1.00000000E+01  -5.79725198E-09  -3.92414742E-10   1.90116068E-07   2.37165399E-09  -6.03984762E-09  -2.23313209E-10
 1.00000000E+01  -6.26413405E-09  -4.12264078E-10   1.76861789E-07   2.34743579E-09  -5.90931703E-09  -2.12315095E-10
 1.00000000E+01  -6.87538002E-09  -4.34087508E-10   1.65231915E-07   2.32387425E-09  -5.93513421E-09  -2.02213540E-10
 1.00000000E+01  -7.29004845E-09  -4.53606445E-10   1.54522169E-07   2.29806097E-09  -5.72683505E-09  -1.88195968E-10
 1.00000000E+01  -8.71756159E-09  -4.80510603E-10   1.44881127E-07   2.27376089E-09  -5.54427426E-09  -1.72471450E-10
 1.00000000E+01  -9.40101480E-09  -5.02977660E-10   1.35823210E-07   2.24434073E-09  -5.16824421E-09  -1.54962176E-10
 1.00000000E+01  -9.84813527E-09  -5.25527104E-10   1.27801329E-07   2.22040589E-09  -4.73617245E-09  -1.32203487E-10
 1.00000000E+01  -1.07342139E-08  -5.48043606E-10   1.20454484E-07   2.19426027E-09  -4.12391116E-09  -1.08072546E-10
 1.00000000E+01  -1.18062464E-08  -5.71504262E-10   1.13767615E-07   2.16963827E-09  -3.09717581E-09  -7.53987726E-11
 1.00000000E+01  -1.23490345E-08  -5.90759674E-10   1.07394410E-07   2.14323407E-09  -2.23557833E-09  -4.19198708E-11
 1.00000000E+01  -1.29636543E-08  -6.05977630E-10   1.01871880E-07   2.11782534E-09  -1.14625304E-09  -4.17773326E-12
 1.00000000E+01  -1.33302999E-08  -6.17353630E-10   9.65541365E-08   2.09293346E-09   2.89427496E-11   3.74590447E-11
 1.00000000E+01  -1.33891011E-08  -6.22835142E-10   9.14359782E-08   2.06379530E-09   1.33518401E-09   8.06075555E-11
 1.00000000E+01  -1.35394690E-08  -6.24372857E-10   8.66233646E-08   2.03499125E-09   2.52634388E-09   1.23387267E-10
 1.00000000E+01  -1.32513871E-08  -6.17844189E-10   8.19835643E-08   2.00172968E-09   3.79276649E-09   1.67400514E-10
 1.00000000E+01  -1.30319098E-08  -6.07231293E-10   7.76295445E-08   1.97122762E-09   4.84282643E-09   2.06893432E-10
 1.00000000E+01  -1.25612475E-08  -5.93214881E-10   7.35650053E-08   1.93861517E-09   6.00854789E-09   2.45118357E-10
 1.00000000E+01  -1.18550855E-08  -5.73289303E-10   6.97294526E-08   1.90622171E-09   6.96686183E-09   2.79881777E-10
 1.00000000E+01  -1.11364179E-08  -5.51097078E-10   6.61210815E-08   1.87346871E-09   7.78342635E-09   3.10666275E-10
 1.00000000E+01  -1.03471599E-08  -5.26259589E-10   6.27493858E-08   1.84218877E-09   8.41618152E-09   3.35436389E-10
 1.00000000E+01  -9.52113777E-09  -5.00705601E-10   5.95575493E-08   1.81138196E-09   8.92789856E-09   3.56688417E-10
 1.00000000E+01  -8.70060145E-09  -4.75148644E-10   5.65699910E-08   1.78094838E-09   9.31241843E-09   3.73555080E-10
 1.00000000E+01  -7.74117609E-09  -4.47011118E-10   5.37898940E-08   1.75051193E-09   9.66152254E-09   3.89205840E-10
 1.00000000E+01  -6.95584626E-09  -4.21272608E-10   5.13498799E-08   1.72632491E-09   9.76449028E-09   3.97630143E-10
 1.00000000E+01  -6.17275219E-09  -3.96880438E-10   4.89572494E-08   1.69912255E-09   9.92145116E-09   4.07112179E-10
 1.00000000E+01  -5.45410125E-09  -3.72993374E-10   4.67851008E-08   1.67549088E-09   9.87909193E-09   4.11386443E-10
 1.00000000E+01  -4.79357831E-09  -3.50271922E-10   4.47851041E-08   1.65388184E-09   9.84074288E-09   4.14079985E-10
 1.00000000E+01  -4.13119662E-09  -3.27949821E-10   4.28266445E-08   1.63111980E-09   9.74895831E-09   4.16092194E-10
 1.00000000E+01  -3.49177258E-09  -3.06566032E-10   4.10351196E-08   1.60927706E-09   9.63060775E-09   4.16301692E-10
 1.00000000E+01  -3.02900522E-09  -2.88537206E-10   3.93647587E-08   1.58999161E-09   9.44224910E-09   4.14405572E-10
 1.00000000E+01  -2.54231080E-09  -2.71038166E-10   3.78021269E-08   1.57082333E-09   9.24011892E-09   4.11547769E-10
 1.00000000E+01  -2.11949297E-09  -2.54644867E-10   3.63612416E-08   1.55304292E-09   9.04140797E-09   4.08801489E-10
 1.00000000E+01  -1.69159714E-09  -2.38806691E-10   3.49974995E-08   1.53629004E-09   8.83338361E-09   4.05025339E-10
 1.00000000E+01  -1.35031018E-09  -2.24774628E-10   3.37090825E-08   1.51975294E-09   8.63164339E-09   4.01440130E-10
 1.00000000E+01  -1.05392385E-09  -2.12373404E-10   3.25043558E-08   1.50403210E-09   8.39610826E-09   3.96745661E-10
 1.00000000E+01  -7.43301267E-10  -1.99253437E-10   3.13840326E-08   1.48929708E-09   8.19634934E-09   3.92779963E-10
 1.00000000E+01  -4.78596418E-10  -1.87547269E-10   3.03359395E-08   1.47592611E-09   7.95935990E-09   3.87546036E-10
 1.00000000E+01  -2.75617232E-10  -1.77855597E-10   2.93499202E-08   1.46331207E-09   7.73096742E-09   3.82339104E-10
 1.00000000E+01  -3.13918527E-11  -1.66940330E-10   2.83657372E-08   1.44929035E-09   7.52278706E-09   3.77709626E-10
 1.00000000E+01   1.68419052E-10  -1.56868136E-10   2.74939169E-08   1.43706464E-09   7.29589366E-09   3.72204015E-10
 1.00000000E+01   2.88822885E-10  -1.49897286E-10   2.66045869E-08   1.42389154E-09   7.07081458E-09   3.66491416E-10
 1.00000000E+01   4.47342490E-10  -1.41168935E-10   2.58141188E-08   1.41331543E-09   6.87124157E-09   3.61698245E-10
 1.00000000E+01   5.73702782E-10  -1.34009651E-10   2.50117528E-08   1.40057410E-09   6.66080834E-09   3.56231144E-10
 1.00000000E+01   7.12191743E-10  -1.26342634E-10   2.42597156E-08   1.38917937E-09   6.46440426E-09   3.51184213E-10
 1.00000000E+01   8.27468303E-10  -1.19959099E-10   2.35839145E-08   1.37870009E-09   6.26740114E-09   3.45763850E-10
 1.00000000E+01   9.22350398E-10  -1.12989146E-10   2.29071907E-08   1.36774726E-09   6.07235367E-09   3.40307523E-10
 1.00000000E+01   9.89271014E-10  -1.08201031E-10   2.22920871E-08   1.35863420E-09   5.86930178E-09   3.34737587E-10
 1.00000000E+01   1.08223913E-09  -1.01796146E-10   2.16596431E-08   1.34762424E-09   5.69211956E-09   3.29634001E-10
 1.00000000E+01   1.15018889E-09  -9.66607320E-11   2.10781127E-08   1.33793634E-09   5.51923292E-09   3.24708013E-10
 1.00000000E+01   1.20847582E-09  -9.18428385E-11   2.05007302E-08   1.32787160E-09   5.33428392E-09   3.19008487E-10
 1.00000000E+01   1.26057635E-09  -8.79113170E-11   1.99955912E-08   1.31894134E-09   5.18536274E-09   3.14526448E-10
 1.00000000E+01   1.33254484E-09  -8.25109864E-11   1.94622146E-08   1.30870200E-09   5.01369112E-09   3.09259328E-10
 1.00000000E+01   1.35358219E-09  -7.95638309E-11   1.89652281E-08   1.30002104E-09   4.85940929E-09   3.04688579E-10
 1.00000000E+01   1.38311282E-09  -7.58988252E-11   1.85087410E-08   1.29084684E-09   4.71754909E-09   3.00391406E-10
 1.00000000E+01   1.40287141E-09  -7.28008658E-11   1.80346197E-08   1.28179038E-09   4.57068375E-09   2.95892832E-10
 1.00000000E+02   7.86810377E-09  -5.80262041E-10   2.04192528E-06   2.24032765E-08   2.40756348E-08  -1.70171736E-09
 1.00000000E+02  -3.46562792E-09  -6.19327971E-10   1.59821543E-06   2.15696002E-08   1.47312245E-08  -1.75121672E-09
 1.00000000E+02   5.15821186E-09  -6.39612237E-10   1.28750774E-06   2.08159438E-08   9.83652638E-09  -1.78113720E-09
 1.00000000E+02  -1.33652287E-09  -7.38036401E-10   1.05217183E-06   2.00969715E-08   2.70867199E-10  -1.87524633E-09
 1.00000000E+02   5.56247976E-09  -7.77130567E-10   8.83710057E-07   1.94882835E-08   9.05628960E-10  -1.85686443E-09
 1.00000000E+02   1.84309367E-09  -8.74280596E-10   7.46877053E-07   1.88515654E-08  -2.63936380E-09  -1.93329738E-09
 1.00000000E+02   3.71622045E-09  -9.34791551E-10   6.43670126E-07   1.83848368E-08  -7.61910703E-10  -1.90475359E-09
 1.00000000E+02  -1.42423495E-09  -1.06008419E-09   5.55854444E-07   1.78261756E-08  -2.26464241E-09  -1.94498971E-09
 1.00000000E+02  -3.05032094E-09  -1.18519021E-09   4.89775481E-07   1.74186951E-08  -2.72534568E-09  -1.95576894E-09
 1.00000000E+02  -1.56970978E-09  -1.24410303E-09   4.35041286E-07   1.70567726E-08  -2.49516772E-09  -1.94180085E-09
 1.00000000E+02  -2.21568621E-09  -1.34028848E-09   3.85532841E-07   1.66264998E-08  -2.46139697E-09  -1.94332829E-09
 1.00000000E+02  -2.12175362E-09  -1.41594626E-09   3.45779134E-07   1.62554291E-08  -2.65049394E-09  -1.95318321E-09
 1.00000000E+02  -1.83438300E-09  -1.50144425E-09   3.12135790E-07   1.58889788E-08  -3.24175327E-09  -1.96098708E-09
 1.00000000E+02  -1.15090301E-09  -1.61417803E-09   2.82652295E-07   1.55599234E-08  -3.71884525E-09  -1.95428395E-09
 1.00000000E+02  -2.27880089E-09  -1.73845434E-09   2.56600080E-07   1.51826056E-08  -4.32911136E-09  -1.96194065E-09
 1.00000000E+02  -2.98017070E-09  -1.89154257E-09   2.35209988E-07   1.49189846E-08  -4.89696576E-09  -1.95275553E-09
 1.00000000E+02  -3.37759219E-09  -2.01176166E-09   2.16253280E-07   1.46473663E-08  -4.68661441E-09  -1.89848606E-09
 1.00000000E+02  -3.37315396E-09  -2.15045300E-09   1.99703867E-07   1.43928037E-08  -4.97626138E-09  -1.87932164E-09
 1.00000000E+02  -4.46486299E-09  -2.31120304E-09   1.84283558E-07   1.40752806E-08  -5.34333538E-09  -1.87255325E-09
 1.00000000E+02  -4.87283570E-09  -2.47273715E-09   1.71039748E-07   1.38310617E-08  -5.25173524E-09  -1.79780133E-09
 1.00000000E+02  -5.42027036E-09  -2.64920670E-09   1.59422392E-07   1.35952302E-08  -5.31546154E-09  -1.72925162E-09
 1.00000000E+02  -5.77667781E-09  -2.80860622E-09   1.48732265E-07   1.33431833E-08  -5.15508827E-09  -1.62989141E-09
 1.00000000E+02  -7.13066578E-09  -3.02883542E-09   1.39109826E-07   1.31047342E-08  -5.02654300E-09  -1.51624102E-09
 1.00000000E+02  -7.74944738E-09  -3.21179343E-09   1.30085554E-07   1.28280295E-08  -4.70837050E-09  -1.38743173E-09
 1.00000000E+02  -8.13021100E-09  -3.39597849E-09   1.22084808E-07   1.25963980E-08  -4.34999256E-09  -1.21758130E-09
 1.00000000E+02  -8.95323965E-09  -3.58224171E-09   1.14768222E-07   1.23491773E-08  -3.81458145E-09  -1.03501362E-09
 1.00000000E+02  -9.96066824E-09  -3.77793918E-09   1.08109152E-07   1.21154556E-08  -2.88775576E-09  -7.83970562E-10
 1.00000000E+02  -1.04481067E-08  -3.93817336E-09   1.01769284E-07   1.18691813E-08  -2.12965838E-09  -5.26147802E-10
 1.00000000E+02  -1.10205609E-08  -4.06831694E-09   9.62813432E-08   1.16340624E-08  -1.15536838E-09  -2.33366426E-10
 1.00000000E+02  -1.13557222E-08  -4.16885696E-09   9.09960425E-08   1.14015200E-08  -1.06629064E-10   9.07639387E-11
 1.00000000E+02  -1.13984492E-08  -4.22159217E-09   8.59235647E-08   1.11383859E-08   1.06992359E-09   4.29214817E-10
 1.00000000E+02  -1.15467069E-08  -4.24648483E-09   8.11577967E-08   1.08791212E-08   2.13183066E-09   7.67202961E-10
 1.00000000E+02  -1.12769432E-08  -4.20379260E-09   7.65776274E-08   1.05854707E-08   3.26586975E-09   1.11537798E-09
 1.00000000E+02  -1.10900921E-08  -4.13095862E-09   7.22779611E-08   1.03168157E-08   4.19644588E-09   1.43112737E-09
 1.00000000E+02  -1.06595981E-08  -4.02736294E-09   6.82757985E-08   1.00320752E-08   5.24793134E-09   1.73738817E-09
 1.00000000E+02  -1.00104010E-08  -3.87598283E-09   6.45029200E-08   9.74859362E-09   6.10120653E-09   2.01687223E-09
 1.00000000E+02  -9.35535017E-09  -3.70508066E-09   6.09613070E-08   9.46701870E-09   6.82420596E-09   2.26534286E-09
 1.00000000E+02  -8.63797814E-09  -3.51394949E-09   5.76516789E-08   9.19196188E-09   7.38182351E-09   2.46822468E-09
 1.00000000E+02  -7.88431832E-09  -3.31144092E-09   5.45235871E-08   8.92483718E-09   7.82771505E-09   2.64163337E-09
 1.00000000E+02  -7.13663676E-09  -3.10901147E-09   5.16007854E-08   8.66367688E-09   8.15903740E-09   2.77915335E-09
 1.00000000E+02  -6.25712308E-09  -2.88543493E-09   4.88873721E-08   8.40329532E-09   8.45814020E-09   2.90495536E-09
 1.00000000E+02  -5.54558795E-09  -2.68048261E-09   4.64979351E-08   8.19349779E-09   8.53355732E-09   2.97896159E-09
 1.00000000E+02  -4.83162442E-09  -2.48351388E-09   4.41658697E-08   7.96077433E-09   8.65814907E-09   3.05494686E-09
 1.00000000E+02  -4.18104156E-09  -2.28905650E-09   4.20452129E-08   7.75749542E-09   8.59897730E-09   3.09126037E-09
 1.00000000E+02  -3.58622136E-09  -2.10615762E-09   4.00902632E-08   7.56403912E-09   8.54865069E-09   3.11371232E-09
 1.00000000E+02  -2.98867229E-09  -1.92629877E-09   3.81825795E-08   7.36803041E-09   8.44615003E-09   3.12963044E-09
 1.00000000E+02  -2.41110956E-09  -1.75257467E-09   3.64408340E-08   7.18051808E-09   8.32232251E-09   3.12974721E-09
 1.00000000E+02  -2.00152322E-09  -1.60538839E-09   3.48140822E-08   7.01675638E-09   8.13544127E-09   3.11586069E-09
 1.00000000E+02  -1.56607404E-09  -1.46160301E-09   3.32954279E-08   6.85310436E-09   7.93715592E-09   3.09176382E-09
 1.00000000E+02  -1.19182139E-09  -1.32683326E-09   3.18950270E-08   6.69968844E-09   7.74173877E-09   3.06713717E-09
 1.00000000E+02  -8.10839743E-10  -1.19688428E-09   3.05688422E-08   6.55303155E-09   7.54027249E-09   3.03376558E-09
 1.00000000E+02  -5.11985421E-10  -1.08227285E-09   2.93192469E-08   6.41337569E-09   7.34420773E-09   3.00003352E-09
 1.00000000E+02  -2.52380390E-10  -9.76066274E-10   2.81520244E-08   6.28253240E-09   7.11811890E-09   2.95942414E-09
 1.00000000E+02   1.78665096E-11  -8.69074710E-10   2.70660870E-08   6.15614665E-09   6.92539758E-09   2.92159972E-09
 1.00000000E+02   2.46206793E-10  -7.73943609E-10   2.60486605E-08   6.04028022E-09   6.69942165E-09   2.87451651E-09
 1.00000000E+02   4.19320279E-10  -6.92034520E-10   2.50919230E-08   5.93270933E-09   6.48213274E-09   2.82819875E-09
 1.00000000E+02   6.29147145E-10  -6.03217114E-10   2.41420251E-08   5.81567106E-09   6.28298267E-09   2.78403585E-09
 1.00000000E+02   7.96364677E-10  -5.22856082E-10   2.33003204E-08   5.71469020E-09   6.06810177E-09   2.73423865E-09
 1.00000000E+02   8.94968907E-10  -4.60206967E-10   2.24446090E-08   5.61059406E-09   5.85622371E-09   2.68375517E-09
 1.00000000E+02   1.02452394E-09  -3.91711659E-10   2.16784850E-08   5.51755489E-09   5.66645129E-09   2.63772945E-09
 1.00000000E+02   1.12729469E-09  -3.31464254E-10   2.09095064E-08   5.41706422E-09   5.46825832E-09   2.58738264E-09
 1.00000000E+02   1.24012606E-09  -2.69005607E-10   2.01861423E-08   5.32362501E-09   5.28263595E-09   2.53977190E-09
 1.00000000E+02   1.33400448E-09  -2.16711803E-10   1.95371294E-08   5.23751855E-09   5.09802540E-09   2.48933853E-09
 1.00000000E+02   1.40427251E-09  -1.62957923E-10   1.88891973E-08   5.15085911E-09   4.91560829E-09   2.43934337E-09
 1.00000000E+02   1.45465226E-09  -1.21489636E-10   1.82963064E-08   5.07261674E-09   4.72562369E-09   2.38752130E-09
 1.00000000E+02   1.52455268E-09  -7.35803213E-11   1.76939877E-08   4.98877469E-09   4.56015160E-09   2.33911867E-09
 1.00000000E+02   1.57393672E-09  -3.34982850E-11   1.71379350E-08   4.90961188E-09   4.39845384E-09   2.29096837E-09
 1.00000000E+02   1.61426474E-09   4.22003734E-12   1.65876806E-08   4.83093867E-09   4.22778489E-09   2.24085153E-09
 1.00000000E+02   1.65198882E-09   3.59457552E-11   1.61069316E-08   4.76153551E-09   4.08922469E-09   2.19665354E-09
 1.00000000E+02   1.70349857E-09   7.51236696E-11   1.56026345E-08   4.68479795E-09   3.93044564E-09   2.14833416E-09
 1.00000000E+02   1.71295022E-09   1.00132409E-10   1.51289207E-08   4.61482533E-09   3.78692136E-09   2.10320756E-09
 1.00000000E+02   1.72772197E-09   1.26095648E-10   1.46989728E-08   4.54827039E-09   3.65518492E-09   2.06094023E-09
 1.00000000E+02   1.73466879E-09   1.49952936E-10   1.42500827E-08   4.47753892E-09   3.51922131E-09   2.01713138E-09
